['G_Ins_lg_and_S_cent_ins-lh', 'G_Ins_lg_and_S_cent_ins-rh', 'G_and_S_cingul-Ant-lh', 'G_and_S_cingul-Ant-rh', 'G_and_S_cingul-Mid-Ant-lh', 'G_and_S_cingul-Mid-Ant-rh', 'G_and_S_cingul-Mid-Post-lh', 'G_and_S_cingul-Mid-Post-rh', 'G_and_S_frontomargin-lh', 'G_and_S_frontomargin-rh', 'G_and_S_occipital_inf-lh', 'G_and_S_occipital_inf-rh', 'G_and_S_paracentral-lh', 'G_and_S_paracentral-rh', 'G_and_S_subcentral-lh', 'G_and_S_subcentral-rh', 'G_and_S_transv_frontopol-lh', 'G_and_S_transv_frontopol-rh', 'G_cingul-Post-dorsal-lh', 'G_cingul-Post-dorsal-rh', 'G_cingul-Post-ventral-lh', 'G_cingul-Post-ventral-rh', 'G_cuneus-lh', 'G_cuneus-rh', 'G_front_inf-Opercular-lh', 'G_front_inf-Opercular-rh', 'G_front_inf-Orbital-lh', 'G_front_inf-Orbital-rh', 'G_front_inf-Triangul-lh', 'G_front_inf-Triangul-rh', 'G_front_middle-lh', 'G_front_middle-rh', 'G_front_sup-lh', 'G_front_sup-rh', 'G_insular_short-lh', 'G_insular_short-rh', 'G_oc-temp_lat-fusifor-lh', 'G_oc-temp_lat-fusifor-rh', 'G_oc-temp_med-Lingual-lh', 'G_oc-temp_med-Lingual-rh', 'G_oc-temp_med-Parahip-lh', 'G_oc-temp_med-Parahip-rh', 'G_occipital_middle-lh', 'G_occipital_middle-rh', 'G_occipital_sup-lh', 'G_occipital_sup-rh', 'G_orbital-lh', 'G_orbital-rh', 'G_pariet_inf-Angular-lh', 'G_pariet_inf-Angular-rh', 'G_pariet_inf-Supramar-lh', 'G_pariet_inf-Supramar-rh', 'G_parietal_sup-lh', 'G_parietal_sup-rh', 'G_postcentral-lh', 'G_postcentral-rh', 'G_precentral-lh', 'G_precentral-rh', 'G_precuneus-lh', 'G_precuneus-rh', 'G_rectus-lh', 'G_rectus-rh', 'G_subcallosal-lh', 'G_subcallosal-rh', 'G_temp_sup-G_T_transv-lh', 'G_temp_sup-G_T_transv-rh', 'G_temp_sup-Lateral-lh', 'G_temp_sup-Lateral-rh', 'G_temp_sup-Plan_polar-lh', 'G_temp_sup-Plan_polar-rh', 'G_temp_sup-Plan_tempo-lh', 'G_temp_sup-Plan_tempo-rh', 'G_temporal_inf-lh', 'G_temporal_inf-rh', 'G_temporal_middle-lh', 'G_temporal_middle-rh', 'Lat_Fis-ant-Horizont-lh', 'Lat_Fis-ant-Horizont-rh', 'Lat_Fis-ant-Vertical-lh', 'Lat_Fis-ant-Vertical-rh', 'Lat_Fis-post-lh', 'Lat_Fis-post-rh', 'Pole_occipital-lh', 'Pole_occipital-rh', 'Pole_temporal-lh', 'Pole_temporal-rh', 'S_calcarine-lh', 'S_calcarine-rh', 'S_central-lh', 'S_central-rh', 'S_cingul-Marginalis-lh', 'S_cingul-Marginalis-rh', 'S_circular_insula_ant-lh', 'S_circular_insula_ant-rh', 'S_circular_insula_inf-lh', 'S_circular_insula_inf-rh', 'S_circular_insula_sup-lh', 'S_circular_insula_sup-rh', 'S_collat_transv_ant-lh', 'S_collat_transv_ant-rh', 'S_collat_transv_post-lh', 'S_collat_transv_post-rh', 'S_front_inf-lh', 'S_front_inf-rh', 'S_front_middle-lh', 'S_front_middle-rh', 'S_front_sup-lh', 'S_front_sup-rh', 'S_interm_prim-Jensen-lh', 'S_interm_prim-Jensen-rh', 'S_intrapariet_and_P_trans-lh', 'S_intrapariet_and_P_trans-rh', 'S_oc-temp_lat-lh', 'S_oc-temp_lat-rh', 'S_oc-temp_med_and_Lingual-lh', 'S_oc-temp_med_and_Lingual-rh', 'S_oc_middle_and_Lunatus-lh', 'S_oc_middle_and_Lunatus-rh', 'S_oc_sup_and_transversal-lh', 'S_oc_sup_and_transversal-rh', 'S_occipital_ant-lh', 'S_occipital_ant-rh', 'S_orbital-H_Shaped-lh', 'S_orbital-H_Shaped-rh', 'S_orbital_lateral-lh', 'S_orbital_lateral-rh', 'S_orbital_med-olfact-lh', 'S_orbital_med-olfact-rh', 'S_parieto_occipital-lh', 'S_parieto_occipital-rh', 'S_pericallosal-lh', 'S_pericallosal-rh', 'S_postcentral-lh', 'S_postcentral-rh', 'S_precentral-inf-part-lh', 'S_precentral-inf-part-rh', 'S_precentral-sup-part-lh', 'S_precentral-sup-part-rh', 'S_suborbital-lh', 'S_suborbital-rh', 'S_subparietal-lh', 'S_subparietal-rh', 'S_temporal_inf-lh', 'S_temporal_inf-rh', 'S_temporal_sup-lh', 'S_temporal_sup-rh', 'S_temporal_transverse-lh', 'S_temporal_transverse-rh', 'Unknown-lh', 'Unknown-rh']

 [-0.0363959  -0.00809617 -0.00198594]
 [ 0.03626136 -0.00415673 -0.00357908]
 [-0.011706    0.03991695  0.00755343]
 [ 0.01445345  0.04028295  0.00684324]
 [-0.01211133  0.01355399  0.03570199]
 [ 0.01340175  0.01507991  0.03554728]
 [-0.01120993 -0.01064887  0.04051031]
 [ 0.01164147 -0.00958689  0.04117892]
 [-0.02333286  0.05295295 -0.00654713]
 [ 0.02346602  0.05641548 -0.00846903]
 [-0.0407705  -0.0828293  -0.01406342]
 [ 0.04440297 -0.0768471  -0.01216723]
 [-0.00321113 -0.03763668  0.06592405]
 [ 0.00312094 -0.03682275  0.06657042]
 [-0.05864037 -0.01224283  0.01374882]
 [ 0.05759628 -0.01126535  0.01368042]
 [-0.01575111  0.06223505 -0.00042739]
 [ 0.01837168  0.06405733  0.00099184]
 [-0.00396682 -0.03702166  0.0298951 ]
 [ 0.00450192 -0.03841043  0.03091928]
 [-0.00928527 -0.04854046  0.00465868]
 [ 0.01048453 -0.05026306  0.0062781 ]
 [-0.0039871  -0.08218396  0.01862761]
 [ 0.00543803 -0.07992059  0.0198254 ]
 [-0.05108638  0.01225178  0.00475184]
 [ 0.05219551  0.01062579  0.00295339]
 [-0.0442549   0.03104195 -0.01125537]
 [ 0.0485495   0.03227527 -0.00809577]
 [-0.05174427  0.02993287  0.00346334]
 [ 0.05280557  0.02898678  0.00649818]
 [-0.03439153  0.02975915  0.03234319]
 [ 0.03666674  0.03221695  0.03130119]
 [-0.0068532   0.02525079  0.05630781]
 [ 0.00778168  0.02717306  0.05668577]
 [-0.03466837  0.00865268 -0.00229695]
 [ 0.03572061  0.01066638 -0.00224887]
 [-0.0355866  -0.05385939 -0.01729734]
 [ 0.0349909  -0.05227181 -0.01620791]
 [-0.00889168 -0.07504136 -0.00469111]
 [ 0.00985585 -0.06939665 -0.00323146]
 [-0.02138871 -0.02086533 -0.02592437]
 [ 0.02242726 -0.01802513 -0.02641631]
 [-0.03580061 -0.08133918  0.01053091]
 [ 0.03894    -0.07783367  0.01475568]
 [-0.01215658 -0.0876027   0.02700989]
 [ 0.01641243 -0.08728392  0.03105686]
 [-0.02943079  0.03000602 -0.01448477]
 [ 0.03067092  0.02899342 -0.01517405]
 [-0.04177982 -0.06517512  0.04001245]
 [ 0.04764387 -0.06075189  0.03980004]
 [-0.05732489 -0.0368228   0.03428661]
 [ 0.0565559  -0.0320535   0.03668325]
 [-0.02004909 -0.06252979  0.06175334]
 [ 0.02013637 -0.05755596  0.06352955]
 [-0.04783461 -0.02237778  0.05877382]
 [ 0.04703046 -0.02092577  0.05864428]
 [-0.04393933 -0.00906777  0.05233343]
 [ 0.04312725 -0.00683107  0.05457235]
 [-0.00893417 -0.05760898  0.04174552]
 [ 0.00840118 -0.05904012  0.04605583]
 [-0.00370057  0.03753402 -0.02443281]
 [ 0.0052895   0.03464048 -0.02387664]
 [-0.00626978  0.01659598 -0.00911249]
 [ 0.00701732  0.01565229 -0.01170394]
 [-0.04794976 -0.02008204  0.0064305 ]
 [ 0.04820736 -0.01877462  0.00619797]
 [-0.06028976 -0.0166757  -0.00233328]
 [ 0.06271245 -0.01278239 -0.00228861]
 [-0.04077931  0.00655903 -0.02736355]
 [ 0.0437568   0.00839977 -0.02541568]
 [-0.05509756 -0.04116581  0.01528721]
 [ 0.05703727 -0.03528594  0.01627189]
 [-0.05435149 -0.03868621 -0.02485638]
 [ 0.05373955 -0.03485816 -0.02309123]
 [-0.06318642 -0.03478432 -0.01325748]
 [ 0.06550604 -0.03186217 -0.01234664]
 [-0.03807268  0.033342   -0.00330851]
 [ 0.04052489  0.03049654  0.0023438 ]
 [-0.04382168  0.02230988  0.00824109]
 [ 0.04529034  0.02145469  0.0086692 ]
 [-0.03677592 -0.03687089  0.01612188]
 [ 0.03476592 -0.03224708  0.01932576]
 [-0.01834842 -0.10001907 -0.00706432]
 [ 0.01641178 -0.10010301 -0.00581173]
 [-0.03444911  0.00552375 -0.03719297]
 [ 0.03705168  0.00623693 -0.03590497]
 [-0.02264466 -0.07143878  0.00216827]
 [ 0.02501723 -0.06768576  0.00310449]
 [-0.03260631 -0.02191778  0.04509947]
 [ 0.03244115 -0.02055548  0.04459096]
 [-0.01871132 -0.03936329  0.04448258]
 [ 0.01843481 -0.0387337   0.04553258]
 [-0.02649593  0.0234018  -0.00948073]
 [ 0.02842429  0.02434453 -0.00662632]
 [-0.04050138 -0.01754128 -0.01049514]
 [ 0.04201237 -0.01625258 -0.01008092]
 [-0.03414486  0.00601011  0.01390317]
 [ 0.03429008  0.00746413  0.01319171]
 [-0.04206224 -0.02004749 -0.0225206 ]
 [ 0.04299187 -0.01915476 -0.02243326]
 [-0.02508426 -0.07977513 -0.0065089 ]
 [ 0.02653324 -0.07881203 -0.00726765]
 [-0.03834491  0.02564439  0.02196659]
 [ 0.0431224   0.02696264  0.02408636]
 [-0.02584455  0.04156851  0.01717768]
 [ 0.02784062  0.03956489  0.01969723]
 [-0.02355825  0.01523996  0.04150877]
 [ 0.02331285  0.01765598  0.04217732]
 [-0.04896973 -0.05161311  0.02978506]
 [ 0.05078556 -0.04519871  0.03776015]
 [-0.02774469 -0.05788336  0.04017809]
 [ 0.02906858 -0.05612228  0.04399831]
 [-0.04177499 -0.04973563 -0.01332125]
 [ 0.04234193 -0.05067138 -0.01179749]
 [-0.03372573 -0.04939315 -0.00916027]
 [ 0.03529575 -0.04817167 -0.0098698 ]
 [-0.02912339 -0.08351466  0.002091  ]
 [ 0.03127971 -0.07985473  0.0050944 ]
 [-0.02628972 -0.07865859  0.01379082]
 [ 0.02784771 -0.07499404  0.01723597]
 [-0.04013186 -0.06767838 -0.0005269 ]
 [ 0.04193133 -0.06550617  0.00368575]
 [-0.02367346  0.03524924 -0.00951198]
 [ 0.02464039  0.03536307 -0.01016617]
 [-0.03848865  0.04076339 -0.00276349]
 [ 0.04051475  0.03956873 -0.00242026]
 [-0.01329285  0.0260635  -0.01702783]
 [ 0.0141855   0.02496915 -0.01546478]
 [-0.02029126 -0.06790234  0.02377328]
 [ 0.02150772 -0.06511554  0.02625054]
 [-0.00125777 -0.01030727  0.02863438]
 [ 0.00328305 -0.00734501  0.02949563]
 [-0.03440318 -0.03370329  0.04272289]
 [ 0.03563525 -0.03191845  0.04490236]
 [-0.04039888  0.00145591  0.02625352]
 [ 0.03853718  0.00320615  0.02676881]
 [-0.02589318 -0.01176179  0.04905453]
 [ 0.02549789 -0.01216915  0.04951604]
 [-0.01041589  0.03917645 -0.01270785]
 [ 0.00947485  0.0407539  -0.0147595 ]
 [-0.01553841 -0.04926426  0.03443768]
 [ 0.01558187 -0.04933805  0.0362784 ]
 [-0.05475114 -0.04088337 -0.01709497]
 [ 0.05601487 -0.04239907 -0.01509646]
 [-0.05094888 -0.04861501  0.00310957]
 [ 0.04934955 -0.04470969  0.00492204]
 [-0.04972004 -0.02459945  0.00060365]
 [ 0.0520377  -0.02285478  0.00387287]
 [-0.00589194 -0.0242375  -0.01310161]
 [ 0.00555977 -0.02401787 -0.01350342]]

